TILEMAP
50 29 							-- Size of tile map in tiles
16 16 							-- Tile size & block size
images/level1_tile.png 	-- Tilesheet
16 7								-- Number of til es in tilesheet
0102020202020202020202020202020202020202020202020202020202020202020202040404040404040404040404040404
17                                                                              04040404040404040404
33                                                                          200404040404040404040404
17                                                                          200404040404040404040404
33                                                                          200404040404040404040404
17                                                                          200404040404040404040404
33                                                                          200404040404040404040404
17                                                                          200404040404040404040404
33              01020302030203020302030203020304                            200404040404040404040404
17              49505150515051505150515051505152                            200404040404040404040404
33              49505150515051505150515051505152                                04040404040404040404
17                                                                              04040404040404040404
33                                                                              04040404040404040404
3302030203020302030203020302030203020302030203020302030203020302030203200404040404040404040404040404
17                                                                          200404040404040404040404
33                                                                          200404040404040404040404
17              49505150515051505150515051505152                            200404040404040404040404
33              01020302030203020302030203020304                            200404040404040404040404
17              49505150515051505150515051505152                            200404040404040404040404
33                                                                          200404040404040404040404
17                                                                          200404040404040404040404
33                                                                          200404040404040404040404
17                                                                          200404040404040404040404
33                                                                          200404040404040404040404
17                                                                          200404040404040404040404
33                                                                          200404040404040404040404
17                                                                          200404040404040404040404
4950515051505150515051505150515051505150515051505150515051505150515051520404040404040404040404040404
                                                                        