TILEMAP
36 29 							-- Size of tile map in tiles
16 16 							-- Tile size & block size
images/level1_tile.png 	-- Tilesheet
16 7								-- Number of til es in tilesheet
33                                                                      
33                                                                      
17                                                                    20
33                                                                    20
17                                                                    20
33              010203                                                20
17                                                                    20
33                                                f1                  20
17              p1              bx                04                  20
33              01020302030203020302030203020304040404040404          20
17              49505150515051505150515051505152                      20
33              49505150515051505150515051505152                      20
17                                                                    20
33                                                                    20
33                                                                    20
17                                                                    20
33                                                                    20
17              49505150515051505150515051505152                      20
33              01020302030203020302030203020304                      20
17              49505150515051505150515051505152                      20
33                      p2  bx    51                                  20
17                                f2                                  20
33                                                                    20
17              010203                                                20
33                                                                    20
17                                                                    20
33                                                                    20
17                                                                    20
33                                                                      